774 234
199 773
174 252
410 436
595 671
376 710
266 54
281 78
87 179
599 461
714 225
592 140
645 439
406 795
275 446
181 646
437 138
631 709
487 291
110 354
11 462
574 301
361 646
114 76
518 95
443 335
598 98
739 103
165 405
162 373
210 140
81 118
31 350
759 347
554 47
573 771
281 740
26 560
596 755
703 425
182 755
113 39
7 427
347 36
615 408
521 490
364 558
244 259
613 526
277 341
184 442
603 358
542 384
172 548
328 67
171 234
28 618
503 516
152 599
471 679
229 344
657 566
568 166
50 349
520 191
289 189
727 364
211 710
14 378
283 62
205 418
584 80
310 171
420 526
492 61
228 794
666 324
739 767
116 471
706 157
273 339
117 417
272 759
773 231
691 603
732 661
543 43
686 305
478 796
506 288
460 410
472 298
440 723
680 540
767 547
398 14
554 137
415 549
726 261
304 375
257 277
611 233
60 276
762 777
579 256
385 108
799 103
767 23
776 645
245 412
526 285
756 657
162 463
591 598
568 236
86 651
129 285
770 581
277 486
793 690
573 281
790 419
493 795
719 605
113 513
740 781
150 137
173 337
336 178
752 216
471 353
478 754
46 129
546 157
207 368
702 371
156 736
480 231
478 129
139 23
786 468
495 178
6 6
225 452
146 514
398 404
373 651
635 669
454 55
702 81
158 199
599 232
702 21
357 63
633 214
340 142
305 731
749 244
584 307
491 392
210 134
445 797
641 524
0 515
617 45
461 128
638 241
509 492
523 310
142 255
715 547
55 673
15 288
136 326
753 84
663 576
321 147
246 617
288 747
136 43
478 756
106 271
432 452
120 601
67 519
47 367
690 698
195 778
613 688
111 711
555 126
274 771
443 748
10 259
302 369
215 791
535 599
207 80
615 697
771 518
477 101
712 506
621 415
772 111
250 322
708 482
34 322
52 659
558 785
774 378
430 654
624 553
523 638
790 417
266 342
87 387
153 188
509 643
289 386
396 427
143 393
106 452
37 143
787 689
300 489
49 61
125 191
527 553
688 363
217 666
171 212
442 767
454 775
378 494
329 389
45 731
532 153
221 247
195 733
54 138
56 9
415 40
507 425
98 627
694 630
590 360
127 431
753 122
148 521
523 636
166 639
197 28
273 139
102 437
574 521
107 791
634 442
384 327
96 542
354 552
627 713
609 251
561 767
782 139
364 479
649 771
620 608
548 745
51 640
10 459
575 395
485 517
79 485
123 95
459 458
282 109
129 519
597 272
506 321
561 779
617 145
697 596
82 105
661 544
205 752
375 594
116 437
238 80
512 72
234 669
235 550
87 286
88 168
146 402
428 113
182 316
392 597
157 464
724 285
467 312
577 720
623 508
473 728
221 412
262 617
226 87
479 361
359 598
667 182
113 145
519 144
99 6
137 187
504 340
523 91
341 56
462 68
419 352
378 302
131 115
270 256
460 164
109 414
642 608
682 204
144 8
679 167
123 454
284 435
254 151
778 792
366 428
408 196
735 753
54 183
295 255
131 404
111 256
373 545
517 62
213 658
642 407
362 155
782 508
234 391
57 586
273 353
490 405
223 30
123 21
343 620
618 168
364 404
73 271
117 504
611 748
78 456
33 592
216 552
609 670
267 712
373 150
356 628
702 547
548 206
333 592
416 417
648 62
326 652
415 798
536 651
387 349
788 49
264 173
647 771
122 514
283 649
161 283
263 704
414 570
659 415
304 276
171 707
428 466
70 223
245 243
595 344
78 141
698 711
83 676
656 116
713 505
549 280
705 118
139 741
678 717
579 327
440 692
445 535
477 479
523 657
798 3
378 45
783 175
592 102
74 320
71 222
749 738
330 333
403 351
665 627
206 477
599 648
17 284
543 139
398 740
597 302
125 499
26 291
393 214
394 562
450 561
323 457
338 120
225 718
684 73
52 763
7 458
542 547
86 28
96 76
108 200
382 584
449 546
257 198
189 571
371 567
52 177
699 130
222 197
444 656
322 438
217 315
7 786
763 406
496 304
513 328
274 371
83 614
469 341
476 248
627 61
143 80
532 20
667 138
604 113
95 289
552 235
594 568
78 25
183 699
424 57
323 431
371 776
625 454
432 352
784 346
279 272
739 716
613 21
652 201
360 431
56 744
309 449
349 761
681 638
203 162
785 59
360 180
752 335
125 367
191 662
480 120
665 605
456 16
597 759
708 414
484 6
375 424
627 420
775 80
705 541
112 461
192 344
242 109
605 594
10 62
117 265
701 538
236 223
573 308
38 555
637 745
568 638
714 690
565 95
190 270
665 211
566 59
114 605
404 754
166 592
720 222
389 543
68 554
737 451
481 720
430 719
499 81
335 760
238 201
134 263
636 265
686 361
429 139
483 642
444 774
118 476
595 77
153 49
521 568
498 346
36 414
338 168
449 444
280 437
386 150
531 733
677 372
117 252
12 141
724 304
553 449
403 241
458 193
562 578
14 186
666 614
520 334
429 271
655 40
37 179
154 95
324 487
274 483
274 49
167 767
432 317
23 535
251 365
124 355
265 268
52 519
81 297
513 557
523 568
265 230
79 400
309 316
375 7
259 676
41 639
746 294
621 145
670 603
80 460
152 293
645 651
256 383
115 540
723 290
145 730
192 67
621 666
580 547
750 613
206 393
718 119
565 35
543 432
279 152
617 52
260 100
164 683
114 437
428 478
668 513
412 759
221 177
259 590
661 38
675 535
534 35
386 623
737 357
235 521
644 112
236 100
269 158
798 13
751 700
124 375
433 308
762 494
72 204
367 370
677 494
243 342
361 199
511 603
69 386
211 229
428 649
310 560
659 738
692 555
640 30
479 341
94 156
37 223
529 539
291 347
553 623
725 72
755 405
247 752
332 454
530 61
109 604
634 667
717 190
325 508
526 302
93 230
402 69
733 634
485 271
544 484
206 471
284 375
362 575
146 375
534 258
428 4
109 680
147 179
761 9
199 219
23 371
225 60
648 293
308 735
602 79
286 303
370 361
627 174
60 796
651 47
375 721
789 721
464 593
660 192
660 350
148 675
192 232
329 13
25 67
321 239
629 560
574 508
783 270
183 378
248 190
639 764
683 135
681 616
166 352
310 123
621 462
796 620
465 518
107 318
782 383
721 245
660 654
679 473
147 373
211 496
302 287
773 41
487 544
403 385
495 415
255 585
658 175
109 354
230 300
709 670
768 30
77 431
755 559
97 307
786 259
581 243
700 107
125 33
201 182
121 77
772 768
307 41
427 44
64 688
500 364
286 374
479 634
86 34
597 48
114 283
249 789
521 122
410 465
479 417
751 439
799 371
88 322
35 392
695 479
303 544
29 95
746 192
498 95
269 187
83 713
181 267
0 799
101 383
491 735
774 725
468 184
665 746
670 567
323 212
558 474
151 611
780 398
223 540
296 670
359 307
507 273
479 74
543 332
150 704
512 138
216 310
394 482
110 542
146 69
383 148
28 620
333 645
146 799
447 24
39 173
35 666
733 687
455 174
124 583
287 631
393 711
71 566
229 772
622 95
332 130
200 359
779 245
360 264
712 123
635 389
251 101
708 316
793 168
63 440
533 482
150 285
698 6
177 52
152 234
603 534
200 35
87 696
334 363
201 656
267 473
85 496
515 303
381 205
265 654
438 501
758 240
427 338
400 585
213 201
425 219
123 66
370 445
205 397
348 362
140 301
469 682
562 380
716 67
522 672
227 506
362 82
565 83
344 314
426 362
463 596
273 473
243 730
689 474
380 41
491 143
395 490
41 323
103 288
450 639
85 506
763 177
40 534
683 707
288 191
446 758
364 620
697 95
754 213
147 325
144 469
557 588
499 512
27 380
556 599
596 94
272 28
14 599
532 701
555 683
568 584
58 386
592 479
179 669
166 8
725 759
306 83
295 441
23 499
148 30
174 726
383 16
90 253
680 32
143 588
606 26
585 38
688 654
463 789
234 779
542 519
487 555
150 485
617 344
15 128
698 421
300 340
198 22
423 103
30 497
528 614
731 624
96 709
442 142
623 259
449 154
122 89
30 485
530 791
85 285
353 624
194 678
603 229
270 377
381 85
690 756
68 290
28 190
179 639
596 105
629 795
208 168
394 140
780 642
295 710
669 540
740 246
733 489
470 526
764 124
200 376
61 304
249 312
125 531
582 448
387 392
54 757
547 644
243 434
428 56
669 50
495 18
509 95
715 645
393 535
197 540
282 193
541 785
178 701
260 574
100 98
74 113
394 738
445 680
388 385
88 288
458 390
289 200
658 473
450 173
466 452
13 246
125 180
334 563
500 18
455 232
430 472
168 598
99 765
150 93
353 419
600 240
459 35
716 114
165 637
512 0
146 324
415 794
652 761
148 772
303 130
293 258
493 561
397 715
311 32
58 492
229 94
108 709
712 140
590 603
314 750
738 694
104 438
609 237
683 527
439 77
766 678
292 120
294 61
357 444
563 283
729 357
290 249
470 665
403 373
174 105
36 435
418 389
635 693
476 129
203 414
466 786
273 711
